>> X

X =

    15    18    21    24
    19    23    22    18
    26    17    16    19
    19    21    23    17

>> f

f =

    15    19    26    19    18    23    17    21    21    22    16    23    24    18    19    17

>> Aeq

Aeq =

     1     1     1     1     0     0     0     0     0     0     0     0     0     0     0     0
     0     0     0     0     1     1     1     1     0     0     0     0     0     0     0     0
     0     0     0     0     0     0     0     0     1     1     1     1     0     0     0     0
     0     0     0     0     0     0     0     0     0     0     0     0     1     1     1     1
     1     0     0     0     1     0     0     0     1     0     0     0     1     0     0     0
     0     1     0     0     0     1     0     0     0     1     0     0     0     1     0     0
     0     0     1     0     0     0     1     0     0     0     1     0     0     0     1     0
     0     0     0     1     0     0     0     1     0     0     0     1     0     0     0     1

>> beq

beq =

     1
     1
     1
     1
     1
     1
     1
     1

>> lb

lb =

     0
     0
     0
     0
     0
     0
     0
     0
     0
     0
     0
     0
     0
     0
     0
     0

>> ub

ub =

     1
     1
     1
     1
     1
     1
     1
     1
     1
     1
     1
     1
     1
     1
     1
     1

>> X2

X2 =

     0     1     0     0
     1     0     0     0
     0     0     1     0
     0     0     0     1

>> fval

fval =

    70
